% Table 9.4-1 Binary Interaction Parameters k12 for the Peng-Robinson
% Equation of State
function mat=Kij(propNum)
mat=zeros(length(propNum),length(propNum));
kijTable=[
         0   21.0000   16.0000   14.0000   30.0000   29.0000         0    6.0000         0         0   18.0000    4.0000         0         0         0         0   25.0000    8.0000    7.0000         0         0         
   21.0000         0    0.0220   -0.0030    0.0300    0.0160    0.0260    0.0190   -0.0060    0.0260    0.0400    0.0550    0.0390    0.0350    0.0500    0.0490    0.0300    0.0300    0.0900    0.1360    0.0800
   16.0000    0.0220         0    0.0100         0         0         0    0.0920         0         0         0    0.0310         0    0.0140         0    0.0250    0.0860   -0.0220    0.0560         0         0
   14.0000   -0.0030    0.0100         0    0.0890    0.0010   -0.0070    0.0100         0    0.0080   -0.0400    0.0420    0.0180    0.0070    0.0190    0.0140    0.0440    0.0260    0.1300         0    0.0860
   30.0000    0.0300         0    0.0890         0    0.0070   -0.0140         0         0         0         0         0         0         0         0         0    0.0900    0.0260    0.0930         0    0.0800
   29.0000    0.0160         0    0.0010    0.0070         0   -0.0070    0.0030    0.0110    0.0270    0.0010    0.0230         0    0.0060         0         0    0.0780    0.0300    0.1200         0    0.0800
         0    0.0260         0   -0.0070   -0.0140   -0.0070         0         0         0         0         0         0         0         0         0         0    0.1000    0.0040    0.1300         0    0.0470
    6.0000    0.0190    0.0920    0.0100         0    0.0030         0         0         0    0.0170   -0.0060         0         0    0.0030    0.0070    0.0080    0.0870    0.0400    0.1350         0    0.0070
         0   -0.0060         0         0         0    0.0110         0         0         0    0.0060         0         0         0         0         0         0    0.0920    0.0400    0.1210         0    0.0060
         0    0.0260         0    0.0080         0    0.0270         0    0.0170    0.0060         0         0    0.0180    0.0040    0.0070         0         0    0.1000    0.0400    0.1250         0    0.0630
   18.0000    0.0400         0   -0.0400         0    0.0010         0   -0.0060         0         0         0    0.0100   -0.0040   -0.0080         0         0    0.1500    0.0400    0.1100         0    0.0600
    4.0000    0.0550    0.0310    0.0420         0    0.0230         0         0         0    0.0180    0.0100         0    0.0130    0.0010    0.0030    0.1000    0.1640    0.1100    0.0770    0.0150         0
         0    0.0390         0    0.0180         0         0         0         0         0    0.0040   -0.0040    0.0130         0         0         0         0    0.1400    0.1000    0.1050         0         0
         0    0.0350    0.0140    0.0070         0    0.0060         0    0.0030         0    0.0070   -0.0080    0.0010         0         0         0         0    0.1000    0.0400    0.1000         0    0.0600
         0    0.0500         0    0.0190         0         0         0    0.0070         0         0         0    0.0030         0         0         0         0    0.1000    0.0400    0.1200         0    0.0600
         0    0.0490    0.0250    0.0140         0         0         0    0.0080         0         0         0    0.1000         0         0         0         0    0.1100    0.0400    0.1140         0    0.0330
   25.0000    0.0300    0.0860    0.0440    0.0900    0.0780    0.1000    0.0870    0.0920    0.1000    0.1500    0.1640    0.1400    0.1000    0.1000    0.1100         0    0.0120   -0.0200    0.0800    0.1700
    8.0000    0.0300   -0.0220    0.0260    0.0260    0.0300    0.0040    0.0400    0.0400    0.0400    0.0400    0.1100    0.1000    0.0400    0.0400    0.0400    0.0120         0    0.0300         0    0.0540
    7.0000    0.0900    0.0560    0.1300    0.0930    0.1200    0.1300    0.1350    0.1210    0.1250    0.1100    0.0770    0.1050    0.1000    0.1200    0.1140   -0.0200    0.0300         0    0.1360    0.0970
         0    0.1360         0         0         0         0         0         0         0         0         0    0.0150         0         0         0         0    0.0800         0    0.1360         0         0
         0    0.0800         0    0.0860    0.0800    0.0800    0.0470    0.0070    0.0060    0.0630    0.0600         0         0    0.0600    0.0600    0.0330    0.1700    0.0540    0.0970         0         0];
I=zeros(1,size(propNum,2));
row=kijTable(1,:);
for i=1:length(I)
    for j=1:length(row)
        if row(j)==propNum(i)
            I(i)=j;
        end
    end
end
J=I;
for i=1:length(I)
    for j=1:length(J)
        if I(i)==0||J(j)==0
            mat(i,j)=0;
        else
            mat(i,j)=kijTable(I(i),J(j));
        end
    end
end