function [C1SRK2,C2SRK2,C1SRK3,C2SRK3,C3SRK3,C1PR2,C2PR2,C1PR3,C2PR3,C3PR3] = MahmoodiAndSedigh (propNum)
param=[
    0.00000   0.00000   0.00000   0.00000   0.00000   0.00000   0.00000   0.00000   0.00000   0.00000 %Air
    0.89452   1.0535    0.90462   1.14680   1.13077   0.74942   0.78747   0.74827   0.77216   0.69411 %Ammonia 
    0.49754   0.70589   0.49642   0.68559   0.00000   0.37452   0.37804   0.37395   0.36057   0.00000 %Argon
    0.80386   0.80138   0.81049   0.88492   1.01311   0.66299   0.435     0.66664   0.51657   0.83330 %Benzene
    0.00000   0.00000   0.00000   0.00000   0.00000   0.00000   0.00000   0.00000   0.00000   0.00000 %Bromine
    0.78479   0.80892   0.80199   0.93769   1.00249   0.65808   0.56116   0.66508   0.63592   0.78959 %n-Butane 
    0.84274   1.0016    0.84470   1.04120   1.05587   0.68686   0.58466   0.68789   0.62057   0.85986 %Carbon Dioxide 
    0.56036   0.59709   0.56233   0.63299   0.70290   0.43454   0.00000   0.43512   0.13221   0.54390 %Carbon Monoxide 
    0.00000   0.00000   0.00000   0.00000   0.00000   0.00000   0.00000   0.00000   0.00000   0.00000 %Carbon tetrachloride 
    0.00000   0.00000   0.00000   0.00000   0.00000   0.00000   0.00000   0.00000   0.00000   0.00000 %Chlorine
    0.00000   0.00000   0.00000   0.00000   0.00000   0.00000   0.00000   0.00000   0.00000   0.00000 %Chloroform
    0.00000   0.00000   0.00000   0.00000   0.00000   0.00000   0.00000   0.00000   0.00000   0.00000 %(R-12)
    0.00000   0.00000   0.00000   0.00000   0.00000   0.00000   0.00000   0.00000   0.00000   0.00000 %(R-21)
    0.63396   0.67508   0.64281   0.75568   0.80351   0.51619   0.41843   0.52155   0.48901   0.65193 %Ethane
    1.5326    1.8229    1.47360   1.60160   1.22885   1.3557    1.5849    1.29190   1.30940   0.88469 %Ethanol 
    0.61121   0.61769   0.61660   0.68241   0.77075   0.49004   0.27811   0.49292   0.34857   0.61615 %Ethylene 
    0.00000   0.00000   0.00000   0.00000   0.00000   0.00000   0.00000   0.00000   0.00000   0.00000 %Helium
    0.90922   0.83142   0.93193   1.00820   1.16491   0.77152   0.52544   0.78510   0.68421   0.98137 %n-Hexane 
    0.19209   0.88221   0.19221   0.88341   0.24025   0.096178  0.7593    0.09612   0.75872  -0.12015 %Hydrogen 
    0.49824   0.68086   0.49935   0.70082   0.62419   0.37543   0.3346    0.37593   0.35240   0.46991 %Krypton 
    0.51963   0.71348   0.52202   0.74263   0.65252   0.39883   0.43114   0.39967   0.45063   0.49959 %Methane
    1.3901    1.6792    1.42290   1.81450   1.57168   1.2226    1.4544    1.21890   1.43790   1.19700 %Methanol 
    0.00000   0.00000   0.00000   0.00000   0.00000   0.00000   0.00000   0.00000   0.00000   0.00000 %Methyl chloride
    0.45348   0.7777    0.45261   0.76370   0.00000   0.33336   0.51072   0.33300   0.50205   0.00000 %Neon 
    0.55494   0.68822   0.55698   0.71965   0.69622   0.43004   0.34907   0.43097   0.37714   0.53871 %Nitrogen 
    0.00000   0.00000   0.00000   0.00000   0.00000   0.00000   0.00000   0.00000   0.00000   0.00000 %Nitrous oxide
    0.52159   0.61438   0.52510   0.65628   0.65637   0.40679   0.33128   0.40853   0.36721   0.51066 %Oxygen 
    0.85296   0.84285   0.87603   1.00540   1.09504   0.72176   0.5835    0.73502   0.71668   0.91877 %n-Pentane 
    0.70935   0.7122    0.72412   0.81928   0.87938   0.59069   0.46996   0.59182   0.48212   0.61053 %Propane 
    0.00000   0.00000   0.00000   0.00000   0.00000   0.00000   0.00000   0.00000   0.00000   0.00000 %Propylene (Propene)
    0.00000   0.00000   0.00000   0.00000   0.00000   0.00000   0.00000   0.00000   0.00000   0.00000 %Sulfur dioxide
    0.00000   0.00000   0.00000   0.00000   0.00000   0.00000   0.00000   0.00000   0.00000   0.00000 %(R-134a)
    0.88075   0.90152   0.89934   1.02410   1.06757   0.7482    0.65699   0.75197   0.69192   0.80655 %Toluene 
    0.00000   0.00000   0.00000   0.00000   0.00000   0.00000   0.00000   0.00000   0.00000   0.00000 %(R-11)
    1.0483    1.2731    1.07160   1.42430   1.33950   0.89902   1.0485    0.91241   1.15270   1.12417 %Water 
    0.54265   0.89097   0.54405   0.91058   0.68004   0.41654   0.6414    0.41471   0.60322  -0.51839 %Xenon 
    0.72848   0.59602   0.74399   0.73896   0.92999   0.59833   0.082001  0.61289   0.36186   0.73872 %i-Butane 
    0.81638   0.80995   0.84420   0.98471   1.05519   0.69071   0.56792   0.70233   0.67603   0.84578 %i-Pentane
    0.80763   0.95522   0.81193   1.01170   1.01241   0.66121   0.62104   0.66337   0.66683   0.82921 %Neopentane 
    1.0094    1.0383    1.02560   1.13890   1.15946   0.86695   0.78758   0.86818   0.79717   0.88177 %n-Heptane 
    1.0863    1.1355    1.11090   1.28620   1.31006   0.9366    0.8787    0.94325   0.93176   1.02386 %n-Octane 
    1.1436    1.1743    1.17260   1.34250   1.37420   0.99093   0.91388   1.00210   1.00120   1.12270 %n-Nonane 
    1.222     1.2853    1.25120   1.44790   1.44781   1.063     1.0247    1.07450   1.10680   1.18848 %n-Decane 
    1.2642    1.2919    1.30630   1.51720   1.54952   1.1025    1.0207    1.12680   1.18740   1.32669 %n-Undecane 
    1.3367    1.395     1.38170   1.62600   1.62831   1.1697    1.1252    1.19720   1.30270   1.40968 %n-Dodecane
    1.3982    1.4649    1.41670   1.55720   1.51589   1.2273    1.1939    1.22980   1.21010   1.25103 %n-Tridecane
    1.4341    1.4948    1.43330   1.49120   1.42923   1.2588    1.2133    1.23650   1.05240   0.98063 %n-Tetradecane 
    1.5079    1.6106    1.49010   1.51980   1.37847   1.3285    1.3349    1.29870   1.14700   1.01463 %n-Pentadecane 
    1.5411    1.6227    1.53900   1.61180   1.52675   1.3583    1.3366    1.33560   1.19290   1.13831 %n-Hexadecane 
    1.6285    1.7583    1.62460   1.74040   1.60564   1.4392    1.4725    1.42510   1.39500   1.33027 %n-Heptadecane 
    1.6934    1.8437    1.67840   1.77710   1.60922   1.4991    1.5541    1.47850   1.44360   1.34304 %n-Octadecane 
    1.7438    1.8894    1.75240   1.92540   1.78569   1.5447    1.5907    1.54870   1.61160   1.57153 %n-Nonadecane
    1.8236    2.0007    1.87060   2.17330   2.00325   1.6181    1.6975    1.66090   1.88270   1.82376 %n-Eicosane 
    0.92701   0.91025   0.96105   1.11450   1.19230   0.79224   0.65618   0.80889   0.79664   0.98075 %Ethylbenzene 
    0.99352   1.0117    1.02200   1.16620   1.19137   0.85535   0.77225   0.86834   0.86838   0.98792 %n-Propyl benzene
    0.95297   0.99075   0.97327   1.14490   1.21659   0.81037   0.72446   0.82216   0.84739   1.02770 %Ortho-xylene 
    0.98274   1.0526    1.01070   1.23190   1.26337   0.84042   0.80706   0.85314   0.91529   1.02624 %Meta-xylene
    0.98788   1.0937    1.00310   1.22170   1.25387   0.8385    0.82356   0.84753   0.92440   1.05941 %Para-xylene 
    0.78502   0.82415   0.80201   0.94923   1.00248   0.65737   0.57603   0.65484   0.54321   0.57399 %Cyclopentane 
    0.81099   0.73995   0.83771   0.91867   1.03920   0.68524   0.46403   0.69574   0.57608   0.82087 %Methyl cyclopentane 
    0.80858   0.84515   0.81503   0.92426   1.01879   0.66665   0.4999    0.67028   0.57253   0.83785 %Cyclohexane
    0.79519   0.6078    0.82131   0.81196   1.02657   0.66134   0.00000   0.68443   0.45281   0.85554 %Methyl cyclohexane 
    0.95101   1.0179    0.96481   1.13440   1.18784   0.80407   0.73422   0.81546   0.85018   1.01932 %Naphtalene 
    1.0321    1.141     0.99495   0.90816   0.00000   0.89014   0.91795   0.86974   0.74558   0.00000 %1-Methyl naphtalene 
    0.18136   0.85567   0.18127   0.85454   0.00000   0.0862    0.73146   0.08619   0.73130   0.00000 %Hydrogen (Para) 
    0.62706   0.62396   0.63005   0.67360   0.78756   0.49601   0.015602  0.49839   0.19935   0.62299 %Hydrogen Sulfide 
   -0.22759  -1.0548   -0.22729  -1.05700   0.00000  -0.29034  -1.0111   -0.28942   1.01660   0.00000 %Helium-3 
   -0.10085  -0.91736  -0.10082  -0.91785   0.12602  -0.17446  -0.85099  -0.17433   0.85354   0.21791 %Helium-4 
